0.0
8.942674101680922e-76
-2.2519553115425556e-74
1.2724627217491173e-42
4.7611770674489674e-73
-3.204331447613466e-41
1.6463140935175026e-40
2.1503128199705013e-29
-1.0062664911267762e-71
3.8466834149678934e-40
-3.4551996685566166e-39
-5.129953222188507e-28
1.0110595381427919e-38
3.899894122331445e-27
-5.207763873429662e-27
-1.6063780231664462e-6
2.1267250162782894e-70
-3.1221762899334704e-39
3.4886976515535436e-38
4.880090774923484e-27
-2.107086888445687e-37
-6.151714832617125e-26
1.0561190913008384e-25
4.045201111519826e-5
6.8299171697487745e-37
1.207777600329578e-25
-5.875940893065437e-25
-0.00034672255336522267
1.7895151862757609e-25
0.0010539487507616125
-0.0002515320330518745
-3.860536435058675e-20
-4.4947927081063913e-69
1.8373976365631228e-38
-2.4259839744482156e-37
-2.2176457767573084e-26
2.0495988468353727e-36
3.284367158624317e-25
-7.4153871723861375e-25
-0.0003467225533652228
-1.425650678278714e-35
-1.4344362710613e-24
7.317183456016984e-24
0.004863029261262852
-3.376400404992832e-24
-0.01751082389635447
0.004274034048644747
7.58158981026468e-19
5.609470097337392e-35
1.1384840584149642e-24
-7.715842203079475e-24
-0.008937846442833314
1.7199338679029226e-23
0.07435407982226172
-0.019393293046274736
-4.519020118295709e-18
-1.142866338515648e-23
-0.010219827867028198
0.010168422891192826
9.234352219929095e-18
-0.000960094722166875
-9.63705385150809e-18
3.145111753631634e-18
-2.710505431213761e-18
9.499658552058584e-68
-6.998337278574368e-38
1.095102439901261e-36
4.616414017353361e-26
-1.2308252975468196e-35
-7.581694828424831e-25
2.020417928677572e-24
0.0010539487507616131
1.29103753516712e-34
4.2532950317928876e-24
-2.4081575786343553e-23
-0.01751082389635448
1.967320647780232e-23
0.07624147041591207
-0.019185199283694734
-3.934549190490676e-18
-1.1739484240077275e-33
-1.0508536025306692e-23
7.589159976943119e-23
0.07435407982226172
-2.0558810760084739e-22
-0.6266666148052124
0.16684826352119184
4.403170589533636e-17
2.1417111619804373e-22
0.09107585042344288
-0.10346819925019736
-9.982984093849196e-17
0.010168422891192965
9.925292540455198e-17
-3.744580738670874e-17
1.0299920638612292e-17
6.834806773663978e-33
5.294077089374419e-24
-5.485604944097391e-23
-0.010219827867028198
3.2614503706744123e-22
0.09107585042344285
-0.03913240496099483
-2.5044126492278073e-17
-1.5892434710615748e-21
-0.056782736006545716
0.16684826352120133
1.8743771068463597e-16
-0.01939329304627591
-1.638721268375052e-16
1.0059392038174676e-16
-9.866836166839741e-18
3.552236667729479e-21
0.00553791444499303
-0.019185199283695907
9.662739457199546e-18
0.00427403404864503
-2.2452004923796346e-16
-4.124630728397429e-17
2.2940673075243497e-17
-0.0002515320330518912
1.942225385720582e-17
5.891300516231184e-17
-2.885838935189686e-17
-6.3320510565529696e-18
-5.894165451997244e-17
-3.216377330115671e-17
1.0587911840678754e-22
0.0
8.898659661711905e-38
-1.8149417812835493e-36
-1.7607375404532983e-26
3.0000466317973773e-35
3.108238184315622e-25
-1.0466764262653429e-24
-0.00025153203305187455
-5.013485477538647e-34
-2.281499333869518e-24
1.5683009179675122e-23
0.00427403404864475
-2.5988738532580354e-23
-0.019185199283694745
0.005537914444992833
1.920146305961411e-18
8.455128864968617e-33
9.806613902728277e-24
-9.039109039933409e-23
-0.019393293046274736
4.1268557748153396e-22
0.16684826352119198
-0.05678273600654468
-3.0077714677845284e-17
-1.016320629492106e-21
-0.03913240496099485
0.09107585042344768
1.1151609376185263e-16
-0.010219827867028802
-1.0400114893312706e-16
4.9826539916652206e-17
1.2133376806093735e-18
-1.436017784904202e-31
-2.6406771703475073e-23
3.167229329025794e-22
0.010168422891192824
-2.4480280981536143e-21
-0.10346819925019735
0.0910758504234477
9.6076650233022e-17
1.6849766012933207e-20
0.16684826352120133
-0.6266666148052562
-9.008694428898019e-16
0.07435407982226702
6.281948473505392e-16
-3.861508626798686e-16
2.030870678883042e-18
-7.374317745849656e-20
-0.019185199283695904
0.07624147041591746
-4.659303747966364e-17
-0.017510823896355762
9.91707346282049e-16
1.749579292407252e-16
1.9379677081814964e-17
0.001053948750761686
-5.356660825731723e-17
-3.417949282090312e-16
8.125322365214486e-18
3.689403949313184e-17
-8.039930856219412e-18
-1.1065691362489383e-17
0.0
0.0
1.368079184980281e-23
-2.839814440471113e-22
-0.000960094722166875
4.582244551419924e-21
0.010168422891192965
-0.010219827867028797
-1.0992989908597114e-17
-7.592975185959806e-20
-0.019393293046275913
0.07435407982226698
1.0045925285265849e-16
-0.008937846442833968
-1.2935144389742583e-16
8.516866777977974e-17
7.505499388616251e-18
1.3725821494398665e-18
0.004274034048645046
-0.017510823896355786
1.773859495398206e-16
0.00486302926126362
1.3320114718121262e-16
-4.438560333206731e-16
1.7990265115632093e-17
-0.00034672255336532496
-2.5040469669208113e-16
6.636250088439562e-16
2.3979820374124463e-17
-3.5800957915537965e-17
1.0511784754544274e-17
-6.994586320189199e-18
1.0587911840678754e-22
9.914396570519703e-18
-0.0002515320330519243
0.0010539487507617384
-2.0091383474726045e-17
-0.00034672255336524164
-2.5498598406480715e-17
8.480545671479701e-17
-6.856738325468462e-18
4.045201111515652e-5
1.9497537527428184e-16
-4.3918468409545857e-16
1.3851847423804794e-17
8.441567432303597e-17
1.0951077216814036e-17
-4.583184265070129e-18
-6.195431006057661e-23
-1.6063780228431865e-6
-5.792408346365453e-17
2.900915974401188e-17
1.99929172798544e-18
-7.260239004483485e-17
3.987207505319034e-18
1.5592936297946324e-27
0.0
-2.5131705215657422e-17
-4.407747699274565e-19
5.960078184542707e-19
0.0
-7.713293775934472e-20
0.0
0.0
0.0
